toRemove
1
2
3
5
6
9
10
11
12
15
22
23
24
25
26
28
29
32
34
35
36
37
38
40
41
42
43
44
45
46
48
49
50
51
53
54
55
56
57
59
60
62
67
68
72
75
76
77
78
83
84
86
87
88
89
90
91
92
93
94
96
97
98
99
101
103
104
105
106
109
110
112
114
116
118
120
122
123
125
126
127
129
130
131
132
133
134
135
137
138
139
140
141
142
144
145
146
147
148
149
150
151
152
153
154
155
157
159
160
162
163
164
165
166
167
169
171
172
173
174
176
177
178
179
180
181
183
184
185
186
187
188
190
193
194
196
198
199
200
201
202
205
206
207
208
209
210
211
212
213
215
217
218
219
222
224
225
226
227
228
229
230
231
232
233
234
235
236
237
238
239
240
243
244
245
246
247
248
249
250
251
253
257
258
259
260
261
262
264
265
266
268
273
275
277
278
279
280
281
283
286
287
288
289
290
291
292
293
294
295
298
299
301
302
304
305
306
307
308
309
310
312
313
314
315
316
317
318
320
321
322
323
325
326
327
328
329
330
332
333
335
337
340
342
346
347
348
349
350
351
352
353
354
355
358
359
360
361
362
364
366
367
368
369
370
372
373
374
375
376
377
378
379
381
388
389
390
391
392
394
395
396
397
398
399
400
402
404
405
408
409
410
411
412
413
414
415
416
417
418
419
420
421
423
429
430
431
432
433
435
436
438
439
440
442
444
445
446
447
449
450
451
452
453
454
455
456
457
458
459
460
461
462
463
468
469
470
471
473
474
475
476
478
479
480
481
482
483
484
485
486
487
488
489
490
491
493
494
495
496
497
498
499
500
501
502
503
504
505
507
509
510
511
513
514
516
519
521
523
524
527
528
530
531
532
533
534
536
537
538
540
541
543
545
546
548
550
551
552
553
554
555
556
558
559
560
561
562
567
568
569
570
571
575
576
577
578
579
581
583
586
587
588
589
590
591
592
593
594
595
596
599
600
601
602
603
604
605
606
607
610
611
615
616
617
619
620
621
622
625
627
628
630
631
632
634
635
636
637
639
641
642
643
644
647
649
650
651
652
653
654
656
657
658
659
660
661
663
664
665
666
669
671
673
675
676
677
679
680
681
682
683
684
685
686
687
688
690
691
692
693
694
695
696
700
701
702
703
704
705
706
708
711
713
714
716
717
722
723
724
725
726
728
729
730
731
732
734
736
738
739
740
742
743
745
746
747
748
749
753
754
756
757
758
760
761
762
763
766
769
773
774
775
776
778
779
780
781
782
783
784
786
788
789
790
793
795
797
798
801
802
803
804
805
807
808
809
811
812
814
815
816
819
820
822
824
825
826
827
828
829
831
833
834
837
839
840
841
843
844
845
846
848
849
850
851
852
853
857
858
861
864
865
866
867
871
873
875
877
881
882
883
884
885
887
888
889
890
892
894
895
896
899
900
902
903
904
907
908
909
910
911
912
913
914
915
917
918
919
920
921
923
924
925
927
928
929
930
932
933
934
935
938
939
941
943
944
945
946
947
948
950
951
952
954
955
956
957
958
961
962
963
965
966
969
970
971
972
973
974
976
977
978
980
981
982
983
984
987
989
990
991
992
993
994
995
997
999
1000
1001
1002
1003
1004
1005
1006
1009
1010
1011
1012
1013
1014
1015
1016
1017
1019
1021
1023
1024
1025
1026
1027
1028
1031
1032
1034
1035
1036
1037
1038
1040
1041
1042
1045
1048
1049
1050
1051
1052
1054
1056
1057
1058
1060
1061
1062
1063
1064
1066
1067
1068
1069
1070
1071
1074
1076
1079
1080
1081
1083
1084
1085
1086
1088
1090
1091
1093
1094
1095
1096
1097
1098
1099
1100
1101
1102
1103
1106
1107
1108
1109
1110
1112
1113
1116
1117
1119
1120
1122
1124
1125
1126
1127
1128
1130
1131
1132
1133
1134
1135
1138
1140
1144
1147
1148
1149
1152
1154
1158
1159
1162
1164
1165
1166
1167
1168
1169
1171
1174
1175
1178
1180
1181
1182
1184
1186
1187
1188
1190
1191
1192
1193
1195
1196
1197
1198
1199
1201
1202
1204
1205
1207
1208
1209
1210
1211
1212
1214
1216
1217
1218
1220
1221
1222
1223
1224
1225
1227
1229
1230
1231
1233
1235
1236
1240
1241
1243
1244
1246
1250
1252
1254
1255
1256
1257
1258
1260
1261
1262
1263
1264
1265
1266
1270
1271
1272
1273
1276
1277
1278
1279
1280
1281
1283
1284
1285
1286
1287
1289
1290
1295
1296
1297
1298
1299
1300
1301
1303
1304
1305
1306
1307
1308
1309
1310
1314
1320
1321
1322
1323
1324
1325
1326
1327
1328
1329
1330
1331
1332
1333
1334
1335
1339
1340
1341
1342
1343
1344
1345
1346
1347
1348
1349
1350
1351
1354
1355
1356
1357
1358
1360
1361
1362
1363
1365
1366
1367
1368
1369
1370
1371
1372
1373
1374
1375
1377
1379
1380
1381
1382
1383
1384
1385
1389
1390
1392
1393
1394
1395
1396
1397
1398
1400
1401
1402
1403
1404
1408
1409
1410
1411
1413
1414
1415
1417
1418
1422
1423
1424
1426
1427
1428
1430
1431
1432
1433
1434
1435
1436
1437
1438
1439
1441
1442
1443
1447
1448
1449
1450
1451
1452
1453
1454
1456
1458
1459
1461
1462
1463
1464
1465
1466
1467
1469
1472
1473
1474
1475
1476
1477
1480
1481
1482
1483
1484
1485
1487
1489
1490
1491
1493
1494
1496
1497
1498
1499
1500
1503
1504
1508
1510
1511
1512
1513
1514
1515
1518
1519
1521
1524
1525
1526
1527
1529
1531
1532
1533
1535
1536
1538
1539
1540
1543
1544
1546
1547
1548
1549
1550
1552
1555
1556
1557
1558
1560
1562
1563
1564
1565
1566
1567
1568
1570
1571
1573
1574
1579
1580
1581
1582
1583
1584
1585
1586
1589
1591
1592
1593
1594
1595
1596
1598
1600
1601
1603
1604
1606
1608
1609
1610
1611
1612
1614
1615
1616
1617
1618
1619
1620
1621
1622
1623
1625
1627
1629
1630
1631
1632
1633
1635
1636
1637
1639
1640
1643
1644
1645
1647
1648
1650
1651
1653
1655
1656
1657
1658
1661
1662
1665
1666
1667
1668
1669
1670
1671
1672
1676
1678
1679
1681
1683
1686
1687
1688
1689
1690
1691
1692
1693
1694
1695
1697
1699
1700
1701
1702
1703
1704
1705
1706
1707
1708
1710
1715
1716
1717
1718
1719
1721
1723
1724
1728
1729
1730
1731
1732
1733
1734
1736
1739
1740
1741
1743
1744
1745
1746
1747
1748
1750
1751
1752
1753
1757
1760
1761
1762
1763
1765
1768
1769
1770
1773
1775
1776
1777
1782
1784
1785
1786
1787
1788
1789
1790
1791
1792
1793
1799
1800
1820
1830
1833
1837
1838
1839
1840
1841
1842
1843
1844
1845
1846
1847
1848
1849
1850
1851
1852
1853
1854
1855
1856
1857
1858
1859
1860
1861
1862
1863
1864
1865
1866
1867
1868
1869
1870
1871
1872
1873
1874
1875
1876
1877
1878
1879
1880
1881
1882
1883
1884
1885
1886
1887
1888
1889
1890
1891
1892
1893
1894
1895
1896
1897
1898
1899
1900
1901
1902
1903
1904
1905
1906
1907
1908
1909
1910
1911
1912
1913
1914
1915
1916
1917
1918
1919
1920
1921
1922
1923
1924
1925
1926
1927
1928
1929
1930
1931
1932
1933
1934
1935
1936
1937
1938
1939
1940
1941
1942
1943
1944
1945
1946
1947
1948
1949
1950
1951
1952
1953
1954
1955
1956
1957
1958
1959
1962
1963
1966
1969
1971
1973
1975
1978
1984
1991
1994
1995
1996
1997
1998
1999
2000
2001
2002
2003
2004
2005
2006
2007
